193
235
49
235
36
190
190
189
79
6
11
24
219
103
99
101
201
121
125
32
96
24
4
47
13
73
79
76
156
55
92
244
216
178
114
171
174
213
213
34
172
122
72
45
110
104
226
158
246
100
130
13
242
204
89
61
5
156
165
186
208
179
165
110
26
13
244
91
73
126
42
158
220
179
90
114
9
231
167
164
191
86
64
197
239
189
191
97
227
235
113
91
147
218
125
87
167
202
134
176
172
17
151
233
198
171
66
154
29
96
75
67
119
19
85
153
175
110
14
4
200
206
172
1
110
232
19
207
202
160
64
210
100
245
60
129
244
228
219
32
221
139
73
248
183
83
142
124
66
59
83
173
42
228
163
94
225
149
222
33
137
167
186
69
106
201
112
99
142
187
124
218
163
222
242
227
161
106
17
6
20
129
235
150
231
10
218
246
202
247
18
189
89
69
145
112
208
201
55
106
229
134
225
69
21
237
46
135
136
156
225
114
39
211
95
114
30
81
119
243
238
55
216
71
223
178
65
49
43
247
74
77
58
50
148
229
226
73
205
191
182
58
84
206
122
64
165
147
202
32  