87
343
373
122
457
279
78
101
249
409
436
315
474
220
315
369
16
339
235
45
496
368
400
397
407
392
264
441
365
364
407
56
346
492
304
207
128
221
69
115
465
405
159
333
405
268
91
199
260
132
281
218
83
108
137
110
96
109
40
68
59
302
451
124
85
462
324
489
430
106
316
5
273
238
446
434
237
325
26
25
106
35
384
190
226
474
499
61
297
36
180
470
56
352
350
392
65
125
4
475
43
175
189
361
212
203
446
5
209
233
259
140
433
213
7
2
142
34
202
169
196
403
13
173
379
37
210
401
313
343
74
294
207
85
320
93
171
181
93
328
462
288
236
307
80
435
153
436
239
234
285
77
476
208
126
183
31
55
58
292
304
321
193
209
385
233
240
76
157
403
7
332
470
316
414
387
75
187
325
86
347
457
458
409
179
405
391
12
284
31
469
53
221
14
476
27
475
111
113
218
125
13
453
270
460
116
373
446
154
288
478
342
478
430
442
14
264
186
178
98
182
60
464
307
447
455
189
117
322
84
21
9
186
480
155
21
93
457
299
319
182
467
66
300
366
468
101
27
316
387
228
113
313
195
196
425
222
132
217
473
18
130
389
286
59
93
208
361
84
464
126
48
33
120
480
69
207
459
418
467
40
274
359
300
472
44
86
103
201
113
189
296
465
155
393
143
246
41
281
416
159
336
370
187
394
469
70
198
389
199
441
325
338
139
449
451
134
449
297
405
77
361
298
422
89
193
336
100
343
438
257
429
396
56
160
324
21
378
62
296
488
369
297
461
458
28
131
378
376
105
102
386
418
409
67
472
499
239
32
84
328
70
329
236
490
240
91
430
330
290
453
326
52
213
94
483
37
193
246
250
325
229
379
163
17
341
53
290
483
404
101
236
283
211
67
499
242
21
174
42
358
150
442
125
233
464
107
105
477
482
334
237
420
19
6
496
80
320
232
24
371
230
363
230
363
154
47
434
403
279
294
282
57
24
368
31
426
232
205
439
119
92
304
374
314
58
208
470
471
357
46
392
165
110
487
240
144
146
127
350
278
250
116
463
466
107
396
370
333
348
399
384
249
335
436
12
88
354
288
146
302
62
112
463
260
15
499
358
78
228
411
325
154
83
56
157
447
383
81
9